5 9 1 4 10 2 3 6 7 8 11 12 13 14 15 16 18 17 19 20 21 22 23 24 25 
19 21 11 6 13 1 4 5 9 10 3 2 8 7 16 14 22 23 25 24 12 15 17 18 20 
17 25 24 14 3 11 12 15 13 18 1 4 22 23 20 2 5 6 21 7 8 9 16 10 19 
18 22 12 16 20 14 17 19 23 21 5 6 9 24 25 1 3 8 10 15 2 4 7 11 13 
2 15 23 8 7 16 24 20 22 25 10 17 19 18 21 9 4 11 12 13 1 3 5 6 14 
1 2 3 5 4 10 19 7 25 16 6 8 12 11 9 13 15 14 17 18 20 23 21 22 24 
6 7 8 10 11 9 20 21 5 2 14 3 1 4 13 19 12 24 22 23 15 16 18 25 17 
9 12 13 15 16 18 14 1 3 23 7 5 17 22 24 20 21 25 2 8 6 11 19 4 10 
14 17 18 19 21 8 22 4 11 24 15 23 20 25 2 5 1 10 6 16 7 12 13 3 9 
20 23 22 24 25 6 15 13 12 17 16 18 21 10 19 7 9 3 4 11 5 8 1 14 2 
3 1 4 7 5 12 6 8 14 11 2 24 15 9 10 17 13 16 18 19 22 20 25 21 23 
8 10 2 9 12 3 7 17 19 20 4 1 6 5 18 23 25 21 14 22 13 24 11 15 16 
11 6 14 17 15 4 23 25 16 1 13 20 3 21 22 8 2 7 24 5 19 10 9 12 18 
13 18 20 25 23 5 2 24 21 22 12 16 7 19 14 10 11 15 9 4 17 6 3 1 8 
16 19 21 22 24 13 9 10 18 15 8 25 11 17 23 6 20 1 3 12 4 14 2 5 7 
4 3 5 2 6 7 8 14 10 13 18 19 23 15 11 12 17 9 16 21 24 25 22 20 1 
10 8 9 11 14 17 16 18 20 3 24 22 25 13 5 4 7 19 15 1 23 21 6 2 12 
7 16 15 1 17 19 25 23 4 5 20 21 14 6 12 24 8 22 13 2 11 18 10 9 3 
12 24 19 23 18 15 21 22 6 9 17 10 2 1 3 11 14 5 20 25 16 13 8 7 4 
21 13 25 20 22 24 1 11 2 12 9 7 4 16 8 3 10 18 23 6 14 19 15 17 5 
15 4 6 3 1 21 5 2 24 19 22 14 18 20 7 25 23 13 8 10 9 17 12 16 11 
24 5 7 12 2 25 13 16 8 6 21 9 10 3 17 15 19 4 11 14 18 1 20 23 22 
23 11 16 18 8 20 10 3 17 4 19 15 24 2 1 22 6 12 5 9 25 7 14 13 21 
22 20 17 13 19 23 18 9 1 14 25 11 16 12 6 21 24 2 7 3 10 5 4 8 15 
25 14 10 21 9 22 11 12 15 7 23 13 5 8 4 18 16 20 1 17 3 2 24 19 6 
